,global_total_layoffs,us_total_layoffs,unemployment_rate,jolts_job_openings_k,initial_jobless_claims_k,openings_per_unemployed,tech_emp_yoy_pct
global_total_layoffs,1.0,0.9651,-0.0803,-0.0011,0.0251,0.1633,-0.3344
us_total_layoffs,0.9651,1.0,-0.1062,-0.0362,-0.004,0.1219,-0.2724
unemployment_rate,-0.0803,-0.1062,1.0,-0.474,0.8736,-0.7385,-0.4949
jolts_job_openings_k,-0.0011,-0.0362,-0.474,1.0,-0.4312,0.8716,0.4801
initial_jobless_claims_k,0.0251,-0.004,0.8736,-0.4312,1.0,-0.5773,-0.5942
openings_per_unemployed,0.1633,0.1219,-0.7385,0.8716,-0.5773,1.0,0.3271
tech_emp_yoy_pct,-0.3344,-0.2724,-0.4949,0.4801,-0.5942,0.3271,1.0
